%% filtro 1 
z = [cip(0.99,150) cip(0.99,-150) cip(0.998,90) cip(0.998,-90)]' ;
 p = [cip(0.69,147) cip(0.69,87) cip(0.69,-147) cip(0.69,-87)]' ;
 %% filtro 2
 